
3
1
3
1
S
1
189
5
28
10
2022
10:42:12
4
2
3
1
L
1
4
1
M
2
727
5
28
10
2022
10:46:4
5
1
3
1
S
1
0
5
28
10
2022
18:57:7
6
1
3
1
M
1
289
5
28
10
2022
19:17:1
7
3
3
1
M
1
3
2
L
1
4
1
S
1
857
5
28
10
2022
19:17:46
8
1
3
1
S
1
0
0
30
10
2022
11:31:59
9
1
3
1
M
1
289
0
30
10
2022
11:34:0
10
2
4
1
S
1
3
1
L
1
568
0
30
10
2022
11:46:3
11
1
3
1
S
1
189
0
30
10
2022
11:46:28
12
1
3
1
S
1
189
0
30
10
2022
12:43:35
13
1
4
1
S
1
179
0
30
10
2022
12:44:26
14
1
4
1
S
1
179
0
30
10
2022
12:45:27
15
1
3
1
S
1
189
0
30
10
2022
12:46:24
16
1
3
1
S
1
189
0
30
10
2022
12:48:4
17
1
3
1
S
1
189
0
30
10
2022
12:48:55
18
1
3
1
S
1
189
0
30
10
2022
12:49:53
19
1
3
1
S
1
189
0
30
10
2022
12:51:16
20
1
3
1
S
1
189
0
30
10
2022
12:52:6
21
1
4
1
S
1
179
0
30
10
2022
12:53:14
22
1
3
1
S
1
189
0
30
10
2022
12:54:8
23
1
3
1
S
1
189
0
30
10
2022
12:54:39
24
1
3
1
S
1
189
0
30
10
2022
12:55:39
25
2
3
1
S
1
3
1
M
1
478
0
30
10
2022
12:56:38
26
2
4
1
S
1
3
1
S
1
368
0
30
10
2022
12:57:15
27
2
3
1
S
1
4
1
S
1
368
0
30
10
2022
13:0:4
28
2
3
1
S
1
4
1
S
1
368
0
30
10
2022
13:2:48
29
2
3
1
S
1
4
1
S
1
368
0
30
10
2022
13:4:20
30
2
4
1
S
1
3
1
S
1
368
0
30
10
2022
13:7:12
31
1
3
1
S
1
189
0
30
10
2022
13:8:36
32
1
3
1
S
1
189
0
30
10
2022
13:9:39
33
2
3
1
S
1
4
1
S
1
368
0
30
10
2022
13:13:20
34
2
3
1
S
1
4
1
S
1
368
0
30
10
2022
13:15:19
35
2
3
1
S
1
4
1
S
1
368
0
30
10
2022
13:16:6
36
2
3
1
S
1
4
1
S
1
368
0
30
10
2022
13:17:54
37
1
3
1
S
1
189
0
30
10
2022
13:20:58
38
2
4
1
S
1
3
1
S
1
368
0
30
10
2022
13:21:52
39
2
3
1
S
1
4
1
S
1
368
0
30
10
2022
13:23:2
40
2
3
1
S
1
4
1
S
1
368
0
30
10
2022
13:23:52
41
1
4
1
S
1
179
0
30
10
2022
13:35:37
42
1
3
1
M
1
289
0
30
10
2022
13:37:45
43
1
4
1
S
1
179
0
30
10
2022
13:43:11
44
1
3
1
S
1
189
0
30
10
2022
14:23:43
45
1
4
1
S
1
179
0
30
10
2022
14:26:37
46
1
3
1
S
1
189
0
30
10
2022
14:41:1
47
1
3
1
S
1
179
0
30
10
2022
14:45:40
48
1
3
1
S
1
179
0
30
10
2022
14:47:46
49
1
4
1
S
1
179
0
30
10
2022
14:49:59
50
1
3
1
S
1
179
0
30
10
2022
14:53:4
51
1
3
1
S
1
179
0
30
10
2022
14:56:22
52
2
3
2
S
1
4
1
S
1
358
0
30
10
2022
14:59:1
53
2
3
1
M
1
4
1
M
1
338
0
30
10
2022
15:0:36
54
1
4
1
S
1
179
0
30
10
2022
15:2:27
55
1
4
1
S
1
179
0
30
10
2022
15:3:38
56
1
3
2
S
1
179
0
30
10
2022
15:4:51
57
1
4
1
S
1
179
0
30
10
2022
15:6:6
58
2
3
2
S
1
4
1
M
1
348
0
30
10
2022
15:8:47
59
2
4
1
M
1
3
2
S
1
348
0
30
10
2022
15:10:49
60
2
3
1
M
1
4
1
M
1
338
0
30
10
2022
15:13:39
61
2
3
1
M
1
4
1
M
1
338
0
30
10
2022
15:17:7
62
2
3
1
M
1
4
1
M
2
507
0
30
10
2022
15:20:33
63
2
3
1
S
1
4
1
S
1
358
0
30
10
2022
15:24:58
64
2
3
1
S
1
4
1
S
1
358
0
30
10
2022
15:26:20
65
1
3
1
S
1
179
0
30
10
2022
15:26:59
66
1
3
1
S
1
179
0
30
10
2022
15:28:14
67
1
4
1
S
1
179
0
30
10
2022
15:29:12
68
1
3
1
S
1
179
0
30
10
2022
15:29:42
69
1
3
1
S
1
179
0
30
10
2022
15:30:55
70
1
3
1
S
1
179
0
30
10
2022
15:32:9
71
1
3
1
S
1
179
0
30
10
2022
15:33:20
72
2
3
1
S
1
4
1
S
1
358
0
30
10
2022
15:36:25
73
1
3
1
S
1
179
0
30
10
2022
15:37:38
74
1
3
1
S
1
179
0
30
10
2022
15:38:3
75
2
3
2
S
1
4
1
S
1
358
0
30
10
2022
15:40:2
76
3
5
1
S
1
6
1
S
1
4
1
S
1
735
0
30
10
2022
16:44:47
77
1
6
1
S
2
534
0
30
10
2022
19:42:43
78
1
6
1
S
1
267
1
31
10
2022
19:41:13
79
1
6
1
S
2
534
1
31
10
2022
20:56:12
80
2
5
1
S
1
5
2
M
1
678
2
1
11
2022
15:35:21